166
124
58
49
130
134
164
239
113
232
242
251
61
87
188
189
114
150
153
154
83
121
161
238
18
127
185
23
28
234
236
195
86
43
171
10
227
76
96
21
165
183
223
235
257
209
37
91
95
179
203
80
131
60
126
45
68
249
38
156
207
168
48
263
265
228
262
205
174
148
212
19
143
167
261
264
181
65
20
78
136
59
6
93
159
202
42
90
81
224
213
233
243
119
47
7
79
92
132
237
77
135
22
34
72
247
5
36
157
24
101
3
52
219
51
41
198
216
176
221
248
74
141
151
260
71
122
44
215
229
108
106
190
31
35
39
152
70
140
231
25
50
138
144
252
128
107
255
62
254
158
170
117
184
57
73
129
160
125
149
84
193
55
177
187
4
244
94
194
46
175
14
196
85
40
115
89
146
163
186
256
111
102
139
8
56
137
173
258
222
253
12
69
225
133
155
210
123
64
192
88
169
100
180
67
33
240
66
201
17
53
82
211
218
26
29
200
259
250
98
30
32
16
116
162
220
241
245
206
97
112
9
1
147
15
197
13
75
145
226
54
182
142
11
217
208
230
178
63
118
191
246
120