145
184
215
99
204
30
66
71
78
218
23
33
115
174
175
156
20
22
112
200
46
134
235
7
37
94
138
139
264
117
119
149
201
35
194
167
203
214
19
28
42
227
179
228
252
124
195
90
24
98
190
193
207
221
17
38
166
265
18
25
36
57
80
123
127
153
191
225
16
34
136
155
198
196
1
15
56
128
182
202
238
168
181
263
77
147
157
216
220
223
55
171
189
245
111
6
85
165
217
8
26
65
91
118
132
173
72
96
133
243
31
49
51
64
86
257
69
192
21
82
108
180
208
260
62
63
146
159
206
3
130
135
213
76
126
131
160
169
242
246
255
178
233
5
40
241
11
53
106
186
197
212
219
32
129
185
47
60
67
75
222
244
258
52
73
154
188
247
29
83
248
254
92
120
152
183
43
116
121
140
205
240
253
68
10
259
58
61
74
95
236
54
102
122
226
39
93
113
177
256
101
262
41
81
150
250
9
70
89
210
14
44
97
59